Current values:
curl -g   'http://192.168.123.229/status?inputs&outputs' |jq .

curl -g   'http://192.168.123.229/query?select=[totpower.wh]&begin=s-1h&end=s&group=5m&formmat=json&header=yes'

History query:
curl -g   'http://192.168.123.229/query?select=[R.watts,S.watts,T.watts,R.va,S.va,T.va,R.var,S.var,T.var,R.volts,S.volts,T.volts,R.wh,S.wh,T.wh,R.pf,S.pf,T.pf,S.wh,Heater.watts,Heater.wh,totpower,Input_0,Input_0.hz]&begin=s-1h&end=s&group=5m&formmat=json&header=yes'

{
  "range": [
    1731265880,
    1731269480
  ],
  "labels": [
    "R",
    "S",
    "T",
    "R",
    "S",
    "T",
    "R",
    "S",
    "T",
    "R",
    "S",
    "T",
    "R",
    "S",
    "T",
    "R",
    "S",
    "T",
    "S",
    "Heater",
    "Heater",
    "totpower",
    "Input_0"
  ],
  "data": [
    [
      23.2,
      1184.9,
      261,
      72.5,
      1212.7,
      299.1,
      68.7,
      258.2,
      146,
      235,
      235,
      235,
      2,
      92,
      20,
      0.3,
      1,
      0.9,
      92,
      0.3,
      0,
      1469.1,
      235
    ],
    [
      25.9,
      339.4,
      258.2,
      63.8,
      375,
      293.9,
      58.3,
      159.4,
      140.3,
      234.1,
      234.1,
      234.1,
      2,
      28,
      22,
      0.4,
      0.9,
      0.9,
      28,
      0.1,
      0,
      623.5,
      234.1
    ],
    [
      23.6,
      820.8,
      260.4,
      69.4,
      849.4,
      297,
      65.3,
      218.3,
      142.8,
      234.3,
      234.3,
      234.3,
      2,
      68,
      22,
      0.3,
      1,
      0.9,
      68,
      0.3,
      0,
      1104.8,
      234.3
    ],
    [
      21.3,
      1381,
      258.2,
      73.9,
      1405.7,
      295.6,
      70.8,
      262.1,
      144,
      234.8,
      234.8,
      234.8,
      2,
      115,
      22,
      0.3,
      1,
      0.9,
      115,
      0.5,
      0,
      1660.5,
      234.8
    ],
    [
      25.3,
      378.2,
      262.1,
      64,
      408.6,
      297.7,
      58.8,
      154.6,
      141,
      234.7,
      234.7,
      234.7,
      2,
      32,
      22,
      0.4,
      0.9,
      0.9,
      32,
      0.2,
      0,
      665.7,
      234.7
    ],
    [
      24.2,
      598.1,
      260.9,
      67.3,
      627.3,
      297.7,
      62.7,
      189.2,
      143.3,
      234.3,
      234.3,
      234.3,
      2,
      50,
      22,
      0.4,
      1,
      0.9,
      50,
      0.2,
      0,
      883.2,
      234.3
    ],
    [
      20.3,
      1527.2,
      261.3,
      75.8,
      1550.4,
      301,
      73.1,
      267.4,
      149.3,
      234.3,
      234.3,
      234.3,
      2,
      127,
      22,
      0.3,
      1,
      0.9,
      127,
      0.5,
      0,
      1808.8,
      234.3
    ],
    [
      25.7,
      431.9,
      261.4,
      65.1,
      486.5,
      297.4,
      59.8,
      224,
      141.7,
      234.7,
      234.7,
      234.7,
      2,
      36,
      22,
      0.4,
      0.9,
      0.9,
      36,
      0.2,
      0,
      719,
      234.7
    ],
    [
      26.9,
      329.4,
      258.5,
      65.3,
      399.7,
      294.1,
      59.5,
      226.3,
      140.3,
      235.8,
      235.8,
      235.8,
      2,
      27,
      22,
      0.4,
      0.8,
      0.9,
      27,
      0.2,
      0,
      614.8,
      235.8
    ],
    [
      22.3,
      1414.6,
      259.7,
      75.9,
      1444.1,
      298.4,
      72.6,
      290.1,
      147,
      236.1,
      236.1,
      236.1,
      2,
      118,
      22,
      0.3,
      1,
      0.9,
      118,
      0.5,
      0,
      1696.6,
      236.1
    ],
    [
      26.1,
      527.3,
      260,
      66.7,
      590.2,
      296.2,
      61.4,
      265.3,
      141.9,
      235.9,
      235.9,
      235.9,
      2,
      44,
      22,
      0.4,
      0.9,
      0.9,
      44,
      0.3,
      0,
      813.3,
      235.9
    ],
    [
      27.2,
      302.1,
      261.1,
      64.8,
      374,
      296.4,
      58.9,
      220.5,
      140.3,
      236,
      236,
      236,
      2,
      25,
      22,
      0.4,
      0.8,
      0.9,
      25,
      0.2,
      0,
      590.4,
      236
    ],
    [
      26.7,
      409.9,
      261.8,
      67.2,
      479.8,
      297.8,
      61.7,
      249.5,
      142,
      236.6,
      236.6,
      236.6,
      0,
      2,
      1,
      0.4,
      0.9,
      0.9,
      2,
      0.4,
      0,
      698.4,
      236.6
    ]
  ]
}
